{
 "cells": [
  {
   "cell_type": "code",
   "execution_count": 13,
   "metadata": {},
   "outputs": [],
   "source": [
    "import csv\n",
    "import numpy as np\n",
    "\n",
    "def read_and_process_csv(file_name):\n",
    "    matrix = []\n",
    "\n",
    "    with open(file_name, 'r') as file:\n",
    "        reader = csv.reader(file)\n",
    "        for row in reader:\n",
    "            new_row = [np.nan if cell == '' else float(cell) for cell in row]\n",
    "            matrix.append(new_row)\n",
    "\n",
    "    matrix = np.array(matrix, dtype=float)\n",
    "    n = matrix.shape[0]\n",
    "    matrix[np.isnan(matrix)] = 2000000\n",
    "\n",
    "    for i in range(n):\n",
    "        for j in range(i+1, n):\n",
    "            matrix[i, j] = matrix[j, i]\n",
    "    matrix /= 1000\n",
    "\n",
    "    return matrix\n"
   ]
  },
  {
   "cell_type": "code",
   "execution_count": 14,
   "metadata": {},
   "outputs": [
    {
     "name": "stdout",
     "output_type": "stream",
     "text": [
      "July Data:\n",
      "flight_costs:\n",
      " [[0.000e+00 5.450e-01 4.590e-01 7.690e-01 5.320e-01 5.590e-01 9.400e-01\n",
      "  6.690e-01 6.160e-01 2.960e-01]\n",
      " [5.450e-01 0.000e+00 8.680e-01 3.440e-01 7.420e-01 8.800e-01 1.367e+00\n",
      "  9.310e-01 3.456e+00 7.940e-01]\n",
      " [4.590e-01 8.680e-01 0.000e+00 2.920e-01 5.900e-01 6.350e-01 9.210e-01\n",
      "  7.180e-01 6.080e-01 1.171e+00]\n",
      " [7.690e-01 3.440e-01 2.920e-01 0.000e+00 6.340e-01 8.200e-01 1.819e+00\n",
      "  1.109e+00 6.900e-01 4.890e-01]\n",
      " [5.320e-01 7.420e-01 5.900e-01 6.340e-01 0.000e+00 8.400e-01 1.104e+00\n",
      "  1.214e+00 7.600e-01 7.280e-01]\n",
      " [5.590e-01 8.800e-01 6.350e-01 8.200e-01 8.400e-01 0.000e+00 9.670e-01\n",
      "  3.170e-01 2.000e+03 5.370e-01]\n",
      " [9.400e-01 1.367e+00 9.210e-01 1.819e+00 1.104e+00 9.670e-01 0.000e+00\n",
      "  5.590e-01 1.049e+00 1.269e+00]\n",
      " [6.690e-01 9.310e-01 7.180e-01 1.109e+00 1.214e+00 3.170e-01 5.590e-01\n",
      "  0.000e+00 8.550e-01 6.130e-01]\n",
      " [6.160e-01 3.456e+00 6.080e-01 6.900e-01 7.600e-01 2.000e+03 1.049e+00\n",
      "  8.550e-01 0.000e+00 2.650e+00]\n",
      " [2.960e-01 7.940e-01 1.171e+00 4.890e-01 7.280e-01 5.370e-01 1.269e+00\n",
      "  6.130e-01 2.650e+00 0.000e+00]]\n",
      "train_time:\n",
      " [[0.000e+00 1.400e-02 2.000e-03 2.000e+03 1.100e-02 1.100e-02 3.900e-03\n",
      "  2.700e-02 8.000e-03 2.400e-02]\n",
      " [1.400e-02 0.000e+00 1.100e-02 1.750e-02 3.500e-02 1.200e-02 1.400e-02\n",
      "  1.760e-02 8.000e-03 2.630e-03]\n",
      " [2.000e-03 1.100e-02 0.000e+00 1.050e-02 6.750e-03 8.800e-03 3.500e-03\n",
      "  1.450e-02 4.500e-03 1.342e-02]\n",
      " [2.000e+03 1.750e-02 1.050e-02 0.000e+00 2.000e+03 2.500e-02 3.200e-02\n",
      "  2.000e+03 8.000e-03 2.700e-02]\n",
      " [1.100e-02 3.500e-02 6.750e-03 2.000e+03 0.000e+00 2.330e-02 2.000e-02\n",
      "  3.500e-02 1.500e-02 3.200e-02]\n",
      " [1.100e-02 1.200e-02 8.800e-03 2.500e-02 2.330e-02 0.000e+00 6.300e-03\n",
      "  5.000e-03 9.000e-03 1.400e-02]\n",
      " [3.900e-03 1.400e-02 3.500e-03 3.200e-02 2.000e-02 6.300e-03 0.000e+00\n",
      "  1.600e-02 1.000e-02 2.100e-02]\n",
      " [2.700e-02 1.760e-02 1.450e-02 2.000e+03 3.500e-02 5.000e-03 1.600e-02\n",
      "  0.000e+00 1.840e-02 2.100e-02]\n",
      " [8.000e-03 8.000e-03 4.500e-03 8.000e-03 1.500e-02 9.000e-03 1.000e-02\n",
      "  1.840e-02 0.000e+00 1.100e-02]\n",
      " [2.400e-02 2.630e-03 1.342e-02 2.700e-02 3.200e-02 1.400e-02 2.100e-02\n",
      "  2.100e-02 1.100e-02 0.000e+00]]\n",
      "train_costs:\n",
      " [[0.000e+00 1.351e+00 1.148e+00 2.000e+03 2.541e+00 1.015e+00 7.530e-01\n",
      "  1.680e+00 1.155e+00 3.150e+00]\n",
      " [1.351e+00 0.000e+00 1.072e+00 3.650e-01 1.778e+00 6.250e-01 5.520e-01\n",
      "  5.650e-01 6.300e-01 1.750e-01]\n",
      " [1.148e+00 1.072e+00 0.000e+00 7.700e-01 1.386e+00 6.910e-01 6.970e-01\n",
      "  1.078e+00 1.120e+00 9.800e-01]\n",
      " [2.000e+03 3.650e-01 7.700e-01 0.000e+00 2.000e+03 1.036e+00 9.740e-01\n",
      "  2.000e+03 8.400e-01 1.750e+00]\n",
      " [2.541e+00 1.778e+00 1.386e+00 2.000e+03 0.000e+00 2.249e+00 2.073e+00\n",
      "  2.940e+00 2.450e+00 4.060e+00]\n",
      " [1.015e+00 6.250e-01 6.910e-01 1.036e+00 2.249e+00 0.000e+00 5.990e-01\n",
      "  2.400e-01 4.550e-01 4.200e-01]\n",
      " [7.530e-01 5.520e-01 6.970e-01 9.740e-01 2.073e+00 5.990e-01 0.000e+00\n",
      "  4.690e-01 5.250e-01 5.950e-01]\n",
      " [1.680e+00 5.650e-01 1.078e+00 2.000e+03 2.940e+00 2.400e-01 4.690e-01\n",
      "  0.000e+00 2.002e+00 6.650e-01]\n",
      " [1.155e+00 6.300e-01 1.120e+00 8.400e-01 2.450e+00 4.550e-01 5.250e-01\n",
      "  2.002e+00 0.000e+00 1.050e+00]\n",
      " [3.150e+00 1.750e-01 9.800e-01 1.750e+00 4.060e+00 4.200e-01 5.950e-01\n",
      "  6.650e-01 1.050e+00 0.000e+00]]\n",
      "flight_time:\n",
      " [[0.00e+00 2.25e-03 1.05e-03 2.60e-03 2.50e-03 2.00e-03 1.10e-03 2.00e-03\n",
      "  1.83e-03 2.67e-03]\n",
      " [2.25e-03 0.00e+00 2.00e-03 1.45e-03 2.50e-03 1.10e-03 1.80e-03 1.50e-03\n",
      "  1.30e-03 8.30e-04]\n",
      " [1.05e-03 2.00e-03 0.00e+00 2.25e-03 2.00e-03 1.80e-03 1.30e-03 2.00e-03\n",
      "  1.30e-03 8.30e-04]\n",
      " [2.60e-03 1.45e-03 2.25e-03 0.00e+00 2.00e-03 2.00e-03 2.25e-03 2.50e-03\n",
      "  1.58e-03 1.67e-03]\n",
      " [2.50e-03 2.50e-03 2.00e-03 2.00e-03 0.00e+00 2.55e-03 2.30e-03 3.00e-03\n",
      "  1.92e-03 2.67e-03]\n",
      " [2.00e-03 1.10e-03 1.80e-03 2.00e-03 2.55e-03 0.00e+00 1.40e-03 1.00e-03\n",
      "  2.00e+03 1.50e-03]\n",
      " [1.10e-03 1.80e-03 1.30e-03 2.25e-03 2.30e-03 1.40e-03 0.00e+00 1.50e-03\n",
      "  1.67e-03 2.08e-03]\n",
      " [2.00e-03 1.50e-03 2.00e-03 2.50e-03 3.00e-03 1.00e-03 1.50e-03 0.00e+00\n",
      "  1.75e-03 2.00e-03]\n",
      " [1.83e-03 1.30e-03 1.30e-03 1.58e-03 1.92e-03 2.00e+03 1.67e-03 1.75e-03\n",
      "  0.00e+00 1.67e-03]\n",
      " [2.67e-03 8.30e-04 8.30e-04 1.67e-03 2.67e-03 1.50e-03 2.08e-03 2.00e-03\n",
      "  1.67e-03 0.00e+00]]\n",
      "\n",
      "August Data:\n",
      "flight_costs:\n",
      " [[0.000e+00 3.890e-01 4.800e-01 7.660e-01 5.080e-01 4.550e-01 4.500e-01\n",
      "  3.000e-01 8.290e-01 2.910e-01]\n",
      " [3.890e-01 0.000e+00 1.100e+00 4.890e-01 7.020e-01 8.330e-01 1.100e+00\n",
      "  2.700e-01 4.066e+00 7.940e-01]\n",
      " [4.800e-01 1.100e+00 0.000e+00 1.340e-01 6.880e-01 4.550e-01 6.400e-01\n",
      "  4.500e-01 9.000e-01 1.171e+00]\n",
      " [7.660e-01 4.890e-01 1.340e-01 0.000e+00 5.900e-01 7.150e-01 1.614e+00\n",
      "  3.800e-01 6.900e-01 4.430e-01]\n",
      " [5.080e-01 7.020e-01 6.880e-01 5.900e-01 0.000e+00 7.560e-01 9.510e-01\n",
      "  3.700e-01 1.368e+00 7.110e-01]\n",
      " [4.550e-01 8.330e-01 4.550e-01 7.150e-01 7.560e-01 0.000e+00 8.470e-01\n",
      "  3.570e-01 2.000e+03 4.040e-01]\n",
      " [4.500e-01 1.100e+00 6.400e-01 1.614e+00 9.510e-01 8.470e-01 0.000e+00\n",
      "  3.000e-01 1.007e+00 1.713e+00]\n",
      " [3.000e-01 2.700e-01 4.500e-01 3.800e-01 3.700e-01 3.570e-01 3.000e-01\n",
      "  0.000e+00 1.400e+00 9.180e-01]\n",
      " [8.290e-01 4.066e+00 9.000e-01 6.900e-01 1.368e+00 2.000e+03 1.007e+00\n",
      "  1.400e+00 0.000e+00 2.560e+00]\n",
      " [2.910e-01 7.940e-01 1.171e+00 4.430e-01 7.110e-01 4.040e-01 1.713e+00\n",
      "  9.180e-01 2.560e+00 0.000e+00]]\n",
      "train_time:\n",
      " [[0.000e+00 1.400e-02 2.000e-03 2.000e+03 1.100e-02 1.100e-02 3.900e-03\n",
      "  2.700e-02 8.000e-03 2.400e-02]\n",
      " [1.400e-02 0.000e+00 1.100e-02 1.750e-02 3.500e-02 1.200e-02 1.400e-02\n",
      "  1.760e-02 8.000e-03 2.630e-03]\n",
      " [2.000e-03 1.100e-02 0.000e+00 1.050e-02 6.750e-03 8.800e-03 3.500e-03\n",
      "  1.450e-02 5.000e-03 1.342e-02]\n",
      " [2.000e+03 1.750e-02 1.050e-02 0.000e+00 2.000e+03 2.500e-02 3.200e-02\n",
      "  2.000e+03 7.000e-03 2.700e-02]\n",
      " [1.100e-02 3.500e-02 6.750e-03 2.000e+03 0.000e+00 2.330e-02 2.000e-02\n",
      "  3.500e-02 2.000e-02 3.200e-02]\n",
      " [1.100e-02 1.200e-02 8.800e-03 2.500e-02 2.330e-02 0.000e+00 6.300e-03\n",
      "  5.000e-03 7.000e-03 1.400e-02]\n",
      " [3.900e-03 1.400e-02 3.500e-03 3.200e-02 2.000e-02 6.300e-03 0.000e+00\n",
      "  1.600e-02 1.000e-02 2.100e-02]\n",
      " [2.700e-02 1.760e-02 1.450e-02 2.000e+03 3.500e-02 5.000e-03 1.600e-02\n",
      "  0.000e+00 1.840e-02 2.100e-02]\n",
      " [8.000e-03 8.000e-03 5.000e-03 7.000e-03 2.000e-02 7.000e-03 1.000e-02\n",
      "  1.840e-02 0.000e+00 1.100e-02]\n",
      " [2.400e-02 2.630e-03 1.342e-02 2.700e-02 3.200e-02 1.400e-02 2.100e-02\n",
      "  2.100e-02 1.100e-02 0.000e+00]]\n",
      "train_costs:\n",
      " [[0.000e+00 1.278e+00 8.120e-01 2.000e+03 1.988e+00 8.470e-01 7.380e-01\n",
      "  1.218e+00 1.155e+00 1.120e+00]\n",
      " [1.278e+00 0.000e+00 8.540e-01 3.720e-01 1.447e+00 3.450e-01 5.520e-01\n",
      "  7.740e-01 3.500e-01 1.750e-01]\n",
      " [8.120e-01 8.540e-01 0.000e+00 7.350e-01 7.700e-01 4.690e-01 6.080e-01\n",
      "  1.778e+00 4.200e-01 9.800e-01]\n",
      " [2.000e+03 3.720e-01 7.350e-01 0.000e+00 2.000e+03 8.840e-01 7.670e-01\n",
      "  2.000e+03 5.950e-01 5.600e-01]\n",
      " [1.988e+00 1.447e+00 7.700e-01 2.000e+03 0.000e+00 1.639e+00 1.312e+00\n",
      "  3.052e+00 9.100e-01 2.100e+00]\n",
      " [8.470e-01 3.450e-01 4.690e-01 8.840e-01 1.639e+00 0.000e+00 2.210e-01\n",
      "  2.810e-01 3.290e-01 4.200e-01]\n",
      " [7.380e-01 5.520e-01 6.080e-01 7.670e-01 1.312e+00 2.210e-01 0.000e+00\n",
      "  4.690e-01 5.250e-01 5.200e-01]\n",
      " [1.218e+00 7.740e-01 1.778e+00 2.000e+03 3.052e+00 2.810e-01 4.690e-01\n",
      "  0.000e+00 1.190e+00 7.350e-01]\n",
      " [1.155e+00 3.500e-01 4.200e-01 5.950e-01 9.100e-01 3.290e-01 5.250e-01\n",
      "  1.190e+00 0.000e+00 5.250e-01]\n",
      " [1.120e+00 1.750e-01 9.800e-01 5.600e-01 2.100e+00 4.200e-01 5.200e-01\n",
      "  7.350e-01 5.250e-01 0.000e+00]]\n",
      "flight_time:\n",
      " [[0.00e+00 2.25e-03 1.05e-03 2.60e-03 2.50e-03 2.00e-03 1.10e-03 2.00e-03\n",
      "  1.83e-03 2.67e-03]\n",
      " [2.25e-03 0.00e+00 2.00e-03 1.45e-03 2.50e-03 1.10e-03 1.80e-03 1.67e-03\n",
      "  1.30e-03 8.30e-04]\n",
      " [1.05e-03 2.00e-03 0.00e+00 2.25e-03 2.00e-03 1.80e-03 1.30e-03 2.00e-03\n",
      "  1.30e-03 8.30e-04]\n",
      " [2.60e-03 1.45e-03 2.25e-03 0.00e+00 2.00e-03 2.00e-03 2.25e-03 2.50e-03\n",
      "  1.58e-03 1.67e-03]\n",
      " [2.50e-03 2.50e-03 2.00e-03 2.00e-03 0.00e+00 2.55e-03 2.30e-03 3.00e-03\n",
      "  1.92e-03 2.67e-03]\n",
      " [2.00e-03 1.10e-03 1.80e-03 2.00e-03 2.55e-03 0.00e+00 1.40e-03 3.00e-03\n",
      "  2.00e+03 1.50e-03]\n",
      " [1.10e-03 1.80e-03 1.30e-03 2.25e-03 2.30e-03 1.40e-03 0.00e+00 1.50e-03\n",
      "  1.67e-03 2.08e-03]\n",
      " [2.00e-03 1.67e-03 2.00e-03 2.50e-03 3.00e-03 3.00e-03 1.50e-03 0.00e+00\n",
      "  1.75e-03 2.00e-03]\n",
      " [1.83e-03 1.30e-03 1.30e-03 1.58e-03 1.92e-03 2.00e+03 1.67e-03 1.75e-03\n",
      "  0.00e+00 1.67e-03]\n",
      " [2.67e-03 8.30e-04 8.30e-04 1.67e-03 2.67e-03 1.50e-03 2.08e-03 2.00e-03\n",
      "  1.67e-03 0.00e+00]]\n"
     ]
    }
   ],
   "source": [
    "import os\n",
    "\n",
    "def read_month_data(directory):\n",
    "    data = {}\n",
    "    for file_name in os.listdir(directory):\n",
    "        # 仅处理 CSV 文件\n",
    "        if file_name.endswith(\".csv\"):\n",
    "            # 从文件名中提取数据类型\n",
    "            data_type = file_name[:-4]\n",
    "            file_path = os.path.join(directory, file_name)\n",
    "            data[data_type] = read_and_process_csv(file_path)\n",
    "    return data\n",
    "\n",
    "july_data_path = \"/Users/badudu/Documents/MTH203/CW2/code/data/July\"\n",
    "august_data_path = \"/Users/badudu/Documents/MTH203/CW2/code/data/August\"\n",
    "\n",
    "july_data = read_month_data(july_data_path)\n",
    "august_data = read_month_data(august_data_path)\n",
    "\n",
    "print(\"July Data:\")\n",
    "for data_type, matrix in july_data.items():\n",
    "    print(f\"{data_type}:\\n\", matrix)\n",
    "\n",
    "print(\"\\nAugust Data:\")\n",
    "for data_type, matrix in august_data.items():\n",
    "    print(f\"{data_type}:\\n\", matrix)\n"
   ]
  },
  {
   "cell_type": "code",
   "execution_count": null,
   "metadata": {},
   "outputs": [],
   "source": [
    "july_data['flight_costs']"
   ]
  }
 ],
 "metadata": {
  "kernelspec": {
   "display_name": "base",
   "language": "python",
   "name": "python3"
  },
  "language_info": {
   "codemirror_mode": {
    "name": "ipython",
    "version": 3
   },
   "file_extension": ".py",
   "mimetype": "text/x-python",
   "name": "python",
   "nbconvert_exporter": "python",
   "pygments_lexer": "ipython3",
   "version": "3.10.9"
  },
  "orig_nbformat": 4
 },
 "nbformat": 4,
 "nbformat_minor": 2
}
